% formatting:
% wall x1 y1 x2 y2

wall 1.5073      -3.0532   1.4815       3.0163
wall 1.4815       3.0163   -1.4971        3.045
wall -1.4971        3.045  -1.5374      -3.0479
wall -1.5374      -3.0479   1.5073      -3.0532
wall 0.62474      -1.1139   1.5073   -1.1139
wall -0.62315      0.20213  -1.5374   0.20213

beacon 1.2219       3.0397   [1 0 0]   3
beacon 1.5459       1.1811   [0 1 0]   1
beacon 1.5119       -1.719   [0 0 1]   4
beacon 1.1675      -3.0476   [0.3 0.3 0]   6
beacon -1.5369      -2.7523  [0.3 0  0.3]   17
beacon -1.0945       0.1421  [0  0.3 0.3]   7
beacon -0.94582      0.25845 [1 0.3 0.3]   5
beacon -1.4963       2.6937  [0.3 1 0.3]   2